19236593
19353909
19073479
14896789
13914686
17235678
19349601
19122226
13001675
19468779
17044244
19236593
19468773
19094510
18730508
19542671
18859766
19493343
17699148
16803167
18951926
15540238
15774608
18010878
19188661
19483191
18735886
19014648
14470904
18311343
19366708
16135438
8178517
18291149
16492342
16306422
18130703
18583505
18095445
17981971
18323833
19327472
18761654
18614463
17220699
19538620
18095445
17910354
18334645
19504766
11934015
18583505
19481152
13174040
19403649
7523595
17517571
18932178
19151725
8987543
18481765
19095296
